0 0.32214285781249996 0.858 0.32999999999999996 0.8619999999999999 0.3592857140625 0.858 0.3628571421875 0.866 0.37 0.8640000000000001 0.375 0.877 0.3742857140625 0.883 0.38 0.89 0.428571428125 0.884 0.43357142812499994 0.8789999999999999 0.4378571421875 0.86 0.44571428593749995 0.852 0.45214285781249997 0.8380000000000001 0.45357142812499995 0.825 0.451428571875 0.8150000000000001 0.4542857140625 0.762 0.4528571421875 0.654 0.3657142859375 0.65 0.365 0.6950000000000001 0.3621428578125 0.7070000000000001 0.3271428578125 0.727 0.32 0.753 0.3242857140625 0.837 0.32 0.844 0.3192857140625 0.8539999999999999 0.32214285781249996 0.858
0 0.22785714218750003 0.861 0.23071428593749999 0.867 0.2892857140625 0.891 0.311428571875 0.889 0.3207142859375 0.893 0.3228571421875 0.89 0.3171428578125 0.851 0.32214285781249996 0.836 0.3242857140625 0.786 0.3228571421875 0.766 0.316428571875 0.746 0.27928571406249997 0.747 0.2728571421875 0.752 0.2642857140625 0.747 0.2578571421875 0.754 0.241428571875 0.762 0.23500000000000001 0.761 0.2157142859375 0.772 0.22785714218750003 0.8150000000000001 0.22785714218750003 0.829 0.231428571875 0.8390000000000001 0.22785714218750003 0.861
0 0.125 0.756 0.125 0.825 0.1328571421875 0.8390000000000001 0.1342857140625 0.852 0.1392857140625 0.852 0.1542857140625 0.8720000000000001 0.16499999999999998 0.875 0.1678571421875 0.8800000000000001 0.1921428578125 0.883 0.1992857140625 0.881 0.20071428593750001 0.876 0.2078571421875 0.8710000000000001 0.21214285781250003 0.857 0.22000000000000003 0.85 0.22000000000000003 0.836 0.22714285781250002 0.828 0.225 0.8099999999999999 0.22714285781250002 0.807 0.223571428125 0.7889999999999999 0.21785714218750002 0.784 0.213571428125 0.771 0.23714285781250002 0.758 0.255 0.755 0.27214285781249997 0.742 0.278571428125 0.741 0.281428571875 0.724 0.2807142859375 0.6950000000000001 0.275 0.689 0.241428571875 0.682 0.203571428125 0.6809999999999999 0.188571428125 0.6769999999999999 0.1771428578125 0.6799999999999999 0.1578571421875 0.6950000000000001 0.1271428578125 0.706 0.12285714218749999 0.71 0.12 0.7230000000000001 0.11928571406249999 0.732 0.1242857140625 0.74 0.11928571406249999 0.755 0.125 0.756
0 0.0407142859375 0.853 0.050714285937500006 0.852 0.0578571421875 0.8390000000000001 0.07785714218749999 0.8630000000000001 0.1 0.857 0.1157142859375 0.859 0.1207142859375 0.852 0.11000000000000001 0.836 0.11785714218750001 0.825 0.12285714218749999 0.8240000000000001 0.125 0.8039999999999999 0.12285714218749999 0.778 0.116428571875 0.766 0.12 0.764 0.1242857140625 0.751 0.121428571875 0.747 0.1242857140625 0.738 0.12285714218749999 0.7230000000000001 0.12 0.721 0.121428571875 0.7110000000000001 0.1328571421875 0.701 0.136428571875 0.7030000000000001 0.1428571421875 0.697 0.15714285781249998 0.6950000000000001 0.1771428578125 0.6809999999999999 0.1721428578125 0.675 0.148571428125 0.673 0.025714285937499998 0.6950000000000001 0.011428571875 0.7 0.008571428124999999 0.705 0.011428571875 0.714 0.008571428124999999 0.817 0.0021428578125 0.8240000000000001 0.0407142859375 0.853
0 0 0.6639999999999999 0.0092857140625 0.666 0.0178571421875 0.663 0.0221428578125 0.6719999999999999 0.0392857140625 0.661 0.08499999999999999 0.658 0.0878571421875 0.647 0.0921428578125 0.646 0.09285714218749999 0.632 0.10142857187500001 0.616 0.10071428593750001 0.5690000000000001 0.0957142859375 0.541 0.0921428578125 0.537 0.054285714062500004 0.537 0.054285714062500004 0.518 0.050714285937500006 0.513 0.050714285937500006 0.505 0.0021428578125 0.504 0 0.505 0 0.6639999999999999
0 0.1457142859375 0.647 0.1842857140625 0.641 0.1892857140625 0.647 0.1921428578125 0.646 0.2028571421875 0.638 0.2142857140625 0.622 0.216428571875 0.602 0.215 0.5509999999999999 0.206428571875 0.542 0.146428571875 0.545 0.1271428578125 0.557 0.1271428578125 0.561 0.1371428578125 0.5650000000000001 0.13571428593749998 0.58 0.1292857140625 0.589 0.11428571406250002 0.591 0.11071428593749999 0.5980000000000001 0.11000000000000001 0.629 0.1121428578125 0.632 0.1421428578125 0.635 0.1457142859375 0.647
0 0.21785714218750002 0.549 0.2228571421875 0.542 0.2328571421875 0.538 0.2642857140625 0.536 0.266428571875 0.532 0.2642857140625 0.496 0.261428571875 0.492 0.21857142812500002 0.488 0.181428571875 0.493 0.16928571406249998 0.503 0.16928571406249998 0.525 0.17428571406249999 0.54 0.20142857187500002 0.538 0.21785714218750002 0.549
0 0.311428571875 0.508 0.3157142859375 0.518 0.43499999999999994 0.514 0.44714285781249996 0.519 0.45214285781249997 0.518 0.4542857140625 0.512 0.47928571406250003 0.506 0.481428571875 0.499 0.47928571406250003 0.485 0.48071428593750004 0.441 0.4757142859375 0.43499999999999994 0.41857142812500003 0.434 0.406428571875 0.438 0.40357142812499996 0.445 0.39 0.44699999999999995 0.3171428578125 0.44699999999999995 0.311428571875 0.45099999999999996 0.3092857140625 0.46799999999999997 0.3021428578125 0.47300000000000003 0.3021428578125 0.481 0.308571428125 0.47800000000000004 0.3107142859375 0.483 0.311428571875 0.508
0 0.28642857187500004 0.45599999999999996 0.3 0.44299999999999995 0.3 0.43499999999999994 0.3057142859375 0.429 0.3192857140625 0.425 0.3242857140625 0.417 0.3257142859375 0.40499999999999997 0.3 0.399 0.275 0.404 0.266428571875 0.41 0.2657142859375 0.43499999999999994 0.268571428125 0.446 0.273571428125 0.454 0.28642857187500004 0.45599999999999996
0 0 0.5 0.026428571875 0.49800000000000005 0.050714285937500006 0.502 0.06 0.511 0.0678571421875 0.511 0.0742857140625 0.504 0.071428571875 0.489 0.07785714218749999 0.483 0.083571428125 0.479 0.1028571421875 0.481 0.10642857187500002 0.47800000000000004 0.10500000000000001 0.46799999999999997 0.1078571421875 0.45499999999999996 0.11357142812500001 0.449 0.11785714218750001 0.43600000000000005 0.11928571406249999 0.421 0.11428571406250002 0.409 0.1171428578125 0.39 0.0857142859375 0.382 0.0642857140625 0.382 0.0521428578125 0.375 0.023571428125 0.371 0.015 0.371 0.011428571875 0.377 0.005 0.376 0 0.38 0 0.5
0 0.0892857140625 0.368 0.086428571875 0.38 0.0921428578125 0.386 0.1157142859375 0.39 0.1242857140625 0.363 0.12 0.325 0.10928571406250001 0.316 0.10857142812500001 0.307 0.10571428593750001 0.304 0.0821428578125 0.302 0.081428571875 0.29900000000000004 0.07785714218749999 0.303 0.0792857140625 0.321 0.0771428578125 0.325 0.0892857140625 0.34500000000000003 0.0892857140625 0.368
0 0 0.32599999999999996 0.015 0.329 0.018571428125 0.335 0.0192857140625 0.35 0.0557142859375 0.35 0.053571428125 0.29100000000000004 0.029285714062500003 0.284 0.017142857812500002 0.288 0.0042857140624999995 0.286 0 0.28700000000000003 0 0.32599999999999996
0 0.4407142859375 0.362 0.4592857140625 0.372 0.4957142859375 0.372 0.5007142859375 0.365 0.5028571421875 0.352 0.5121428578125 0.34500000000000003 0.5157142859375 0.318 0.501428571875 0.308 0.493571428125 0.31 0.443571428125 0.302 0.43857142812500005 0.303 0.43071428593750005 0.315 0.42785714218750004 0.325 0.4357142859375 0.348 0.44000000000000006 0.351 0.4407142859375 0.362
0 0.541428571875 0.33199999999999996 0.5571428578125001 0.33199999999999996 0.5578571421875 0.29300000000000004 0.5557142859375 0.29 0.4921428578125 0.272 0.4842857140625 0.271 0.48 0.275 0.48071428593750004 0.303 0.4942857140625 0.312 0.49785714218750005 0.322 0.541428571875 0.33199999999999996
0 0.5128571421875 0.638 0.516428571875 0.647 0.5292857140625 0.657 0.5378571421875 0.654 0.5685714281250001 0.6559999999999999 0.5807142859375001 0.65 0.5871428578125 0.638 0.593571428125 0.637 0.5928571421875 0.611 0.6007142859375 0.5900000000000001 0.611428571875 0.584 0.6157142859375 0.55 0.5942857140625 0.5389999999999999 0.5564285718749999 0.5389999999999999 0.5221428578125 0.544 0.5121428578125 0.557 0.51 0.5820000000000001 0.5071428578125 0.588 0.513571428125 0.628 0.5128571421875 0.638
0 0.6807142859375 0.572 0.71 0.5730000000000001 0.746428571875 0.5860000000000001 0.75 0.583 0.751428571875 0.545 0.7492857140625 0.5349999999999999 0.7442857140625 0.5309999999999999 0.7111907140625 0.5349999999999999 0.6785714281249999 0.53 0.663571428125 0.546 0.6707142859374999 0.5589999999999999 0.6678571421874999 0.568 0.67 0.5650000000000001 0.6807142859375 0.572
0 0.8521428578125001 0.754 0.8607142859374999 0.767 0.863571428125 0.767 0.8692857140625 0.757 0.8857142859374999 0.754 0.8907142859375 0.741 0.8885714281249999 0.733 0.89 0.705 0.8971428578125 0.6940000000000001 0.905 0.692 0.9142857140625 0.683 0.9164285718749999 0.6769999999999999 0.915 0.6679999999999999 0.9078571421875001 0.665 0.9057142859375 0.658 0.9078571421875001 0.626 0.8971428578125 0.616 0.8485714281250001 0.615 0.8171428578125 0.619 0.816428571875 0.693 0.8207142859375001 0.7230000000000001 0.8421428578124999 0.748 0.8521428578125001 0.754
0 0.275 0.399 0.27928571406249997 0.383 0.2971428578125 0.377 0.30285714218750004 0.369 0.2971428578125 0.355 0.2778571421875 0.351 0.2642857140625 0.352 0.2557142859375 0.362 0.25 0.362 0.2478571421875 0.356 0.24428571406250002 0.365 0.2478571421875 0.38 0.2428571421875 0.393 0.24428571406250002 0.403 0.275 0.399
0 0.3471428578125 0.352 0.323571428125 0.356 0.3157142859375 0.371 0.2921428578125 0.376 0.278571428125 0.383 0.275 0.39 0.2728571421875 0.40099999999999997 0.3278571421875 0.40099999999999997 0.33928571406249997 0.385 0.3471428578125 0.352
0 0.2628571421875 0.45999999999999996 0.2678571421875 0.453 0.263571428125 0.425 0.266428571875 0.41200000000000003 0.2628571421875 0.40499999999999997 0.25 0.40700000000000003 0.24714285781249998 0.41200000000000003 0.241428571875 0.409 0.231428571875 0.41100000000000003 0.22785714218750003 0.414 0.22857142812500003 0.422 0.2228571421875 0.421 0.22142857187499998 0.43200000000000005 0.22071428593750003 0.454 0.226428571875 0.45999999999999996 0.251428571875 0.46299999999999997 0.2628571421875 0.45999999999999996
0 0.22000000000000003 0.358 0.22214285781249998 0.353 0.22714285781250002 0.355 0.2421428578125 0.34900000000000003 0.251428571875 0.352 0.2628571421875 0.348 0.2607142859375 0.322 0.2528571421875 0.317 0.22142857187499998 0.316 0.20928571406250002 0.323 0.203571428125 0.333 0.20214285781250002 0.348 0.21000000000000002 0.36 0.216428571875 0.353 0.22000000000000003 0.358
0 0.383571428125 0.294 0.3842857140625 0.286 0.3792857140625 0.273 0.3257142859375 0.28300000000000003 0.326428571875 0.303 0.336428571875 0.306 0.376428571875 0.304 0.383571428125 0.294
0 0.28500000000000003 0.32 0.3 0.319 0.313571428125 0.331 0.3178571421875 0.329 0.3157142859375 0.312 0.32214285781249996 0.303 0.32142857187499996 0.272 0.3171428578125 0.251 0.3042857140625 0.242 0.2642857140625 0.25 0.2607142859375 0.259 0.23571428593750002 0.269 0.2321428578125 0.28900000000000003 0.2321428578125 0.31 0.23714285781250002 0.316 0.251428571875 0.314 0.28500000000000003 0.32
0 0.05 0.176 0.059285714062499995 0.182 0.063571428125 0.192 0.0821428578125 0.191 0.0828571421875 0.186 0.0907142859375 0.181 0.10642857187500002 0.182 0.11071428593749999 0.158 0.10928571406250001 0.137 0.0921428578125 0.132 0.0857142859375 0.134 0.08071428593749999 0.144 0.063571428125 0.142 0.053571428125 0.134 0.028571428125 0.132 0.025714285937499998 0.134 0.0221428578125 0.156 0.021428571875 0.16399999999999998 0.027142857812499997 0.173 0.0428571421875 0.178 0.05 0.176
0 0.425 0.179 0.4142857140625 0.16999999999999998 0.385 0.16799999999999998 0.3757142859375 0.174 0.376428571875 0.20400000000000001 0.4178571421875 0.20800000000000002 0.42571428593749994 0.196 0.425 0.179
0 0.7371428578125 0.33599999999999997 0.741428571875 0.32799999999999996 0.74 0.315 0.7478571421875 0.309 0.7521428578125 0.312 0.7621428578125 0.305 0.77 0.304 0.7721428578125 0.307 0.7771428578124999 0.304 0.781428571875 0.292 0.7835714281249999 0.29300000000000004 0.791428571875 0.264 0.7678571421875 0.251 0.7628571421875 0.258 0.731428571875 0.27599999999999997 0.7192857140625 0.29100000000000004 0.7207142859375 0.317 0.7271428578125 0.321 0.733571428125 0.33599999999999997 0.7371428578125 0.33599999999999997
0 0.9178571421875 0.667 0.9178571421875 0.6849999999999999 0.9285714281249999 0.6849999999999999 0.93 0.673 0.9464285718750001 0.658 0.9442857140625 0.648 0.9478571421875 0.634 0.9464285718750001 0.616 0.941428571875 0.609 0.9199999999999999 0.602 0.903571428125 0.605 0.9007142859374999 0.61 0.9007142859374999 0.617 0.9092857140625 0.628 0.9092857140625 0.6559999999999999 0.9178571421875 0.667
0 0.8921428578124999 0.9039999999999999 0.8949999999999999 0.9269999999999999 0.9 0.9359999999999999 0.991428571875 0.9289999999999999 0.9992857140625 0.924 0.9992857140625 0.868 0.991428571875 0.8619999999999999 0.9492857140625001 0.842 0.908571428125 0.8300000000000001 0.9 0.8300000000000001 0.8657142859375 0.8470000000000001 0.8642857140625001 0.85 0.8671428578124999 0.8539999999999999 0.9007142859374999 0.876 0.8921428578124999 0.9039999999999999
0 0.51 0.506 0.5157142859375 0.533 0.5685714281250001 0.5309999999999999 0.5700000000000001 0.49800000000000005 0.5650000000000001 0.442 0.5278571421875 0.442 0.501428571875 0.449 0.49785714218750005 0.47400000000000003 0.5007142859375 0.47800000000000004 0.5028571421875 0.501 0.51 0.506
0 0.6907142859375 0.528 0.706428571875 0.528 0.728571428125 0.502 0.7428571421875 0.49800000000000005 0.7407142859375 0.47400000000000003 0.718571428125 0.46299999999999997 0.6821428578125001 0.462 0.6421428578125 0.46699999999999997 0.635 0.483 0.628571428125 0.485 0.6307142859375 0.522 0.6521428578124999 0.54 0.6607142859375 0.54 0.6907142859375 0.528
0 0.47785714218750003 0.257 0.47357142812499997 0.24500000000000002 0.4421428578125 0.244 0.4378571421875 0.248 0.43499999999999994 0.258 0.4357142859375 0.275 0.443571428125 0.28900000000000003 0.476428571875 0.296 0.47785714218750003 0.257
0 0.4328571421875 0.262 0.4342857140625 0.244 0.43214285781250006 0.23399999999999999 0.41071428593750003 0.233 0.398571428125 0.23900000000000002 0.3928571421875 0.238 0.391428571875 0.254 0.39714285781249997 0.263 0.4157142859375 0.266 0.4328571421875 0.262
0 0.391428571875 0.259 0.3892857140625 0.215 0.3757142859375 0.215 0.3607142859375 0.221 0.36 0.256 0.3628571421875 0.269 0.378571428125 0.27 0.391428571875 0.259
0 0.1678571421875 0.29100000000000004 0.1828571421875 0.29 0.1921428578125 0.28300000000000003 0.1907142859375 0.269 0.1942857140625 0.259 0.1907142859375 0.254 0.1642857140625 0.24300000000000002 0.153571428125 0.248 0.1492857140625 0.272 0.1671428578125 0.282 0.16928571406249998 0.286 0.1678571421875 0.29100000000000004
0 0.10928571406250001 0.284 0.11928571406249999 0.279 0.1242857140625 0.281 0.1278571421875 0.27599999999999997 0.126428571875 0.25 0.121428571875 0.24300000000000002 0.10642857187500002 0.24 0.098571428125 0.23399999999999999 0.0707142859375 0.229 0.0678571421875 0.231 0.068571428125 0.24100000000000002 0.0628571421875 0.24700000000000003 0.062142857812499994 0.265 0.0671428578125 0.27 0.071428571875 0.28300000000000003 0.10928571406250001 0.284
0 0.0571428578125 0.262 0.0578571421875 0.233 0.05500000000000001 0.22000000000000003 0.021428571875 0.21000000000000002 0.0207142859375 0.217 0.015 0.22400000000000003 0.0157142859375 0.23199999999999998 0.03 0.23399999999999999 0.034999999999999996 0.264 0.0571428578125 0.262
0 0.1828571421875 0.19 0.185 0.173 0.183571428125 0.154 0.1642857140625 0.151 0.1542857140625 0.162 0.153571428125 0.16899999999999998 0.1578571421875 0.16999999999999998 0.16142857187499998 0.178 0.1828571421875 0.19
0 0.123571428125 0.179 0.1378571421875 0.178 0.1392857140625 0.16799999999999998 0.1371428578125 0.16 0.11785714218750001 0.154 0.1121428578125 0.156 0.1121428578125 0.186 0.11785714218750001 0.189 0.11785714218750001 0.183 0.123571428125 0.179
0 0.44785714218750006 0.19 0.4592857140625 0.187 0.463571428125 0.182 0.46214285781250003 0.161 0.4592857140625 0.158 0.42571428593749994 0.153 0.4171428578125 0.155 0.4171428578125 0.17099999999999999 0.425 0.179 0.4407142859375 0.18 0.44785714218750006 0.19
0 0.7 0.311 0.6978571421875001 0.286 0.6957142859375 0.282 0.6849999999999999 0.279 0.675 0.281 0.655 0.3 0.6614285718749999 0.314 0.6821428578125001 0.331 0.6942857140625 0.329 0.7 0.311
0 0.8035714281249999 0.309 0.826428571875 0.307 0.8300000000000001 0.301 0.8257142859375 0.292 0.8242857140625001 0.269 0.8214285718750001 0.262 0.7992857140625 0.26 0.7921428578125 0.275 0.7957142859374999 0.282 0.791428571875 0.296 0.7928571421874999 0.304 0.8035714281249999 0.309
0 0.8621428578125 0.29 0.8671428578124999 0.305 0.8800000000000001 0.301 0.8792857140624999 0.279 0.8757142859375 0.27599999999999997 0.863571428125 0.274 0.8521428578125001 0.282 0.8521428578125001 0.286 0.8557142859375 0.284 0.8571428578125 0.28900000000000003 0.8621428578125 0.29
0 0.9478571421875 0.294 0.9464285718750001 0.282 0.9428571421875 0.279 0.9028571421875 0.286 0.9042857140624999 0.303 0.921428571875 0.308 0.9421428578125 0.301 0.9478571421875 0.294
0 0.7171428578125 0.373 0.7221428578125 0.368 0.731428571875 0.368 0.7378571421875 0.373 0.7392857140625 0.382 0.743571428125 0.387 0.7621428578125 0.362 0.7621428578125 0.348 0.7521428578125 0.335 0.723571428125 0.343 0.7071428578125001 0.352 0.705 0.356 0.7142857140625 0.379 0.7171428578125 0.38 0.7171428578125 0.373
0 0.6257142859375 0.43200000000000005 0.6628571421875 0.43499999999999994 0.67 0.445 0.6742857140625 0.45999999999999996 0.6778571421875 0.453 0.6907142859375 0.445 0.6921428578125 0.398 0.6871428578125001 0.395 0.686428571875 0.39 0.6814285718749999 0.389 0.6792857140625 0.382 0.6757142859374999 0.379 0.6557142859375 0.38 0.6507142859374999 0.368 0.6257142859375 0.376 0.623571428125 0.379 0.6257142859375 0.414 0.623571428125 0.42699999999999994 0.6257142859375 0.43200000000000005
0 0.623571428125 0.3 0.6307142859375 0.29500000000000004 0.63 0.288 0.633571428125 0.28300000000000003 0.6378571421875 0.281 0.6442857140625 0.286 0.6442857140625 0.272 0.6357142859375 0.259 0.623571428125 0.254 0.5914285718750001 0.254 0.5914285718750001 0.275 0.598571428125 0.27799999999999997 0.606428571875 0.29500000000000004 0.623571428125 0.3
0 0.9992857140625 0.5660000000000001 0.9992857140625 0.495 0.97 0.497 0.9614285718750001 0.501 0.96 0.521 0.9728571421875 0.554 0.9878571421875 0.5660000000000001 0.9992857140625 0.5660000000000001
0 0.736428571875 0.46299999999999997 0.743571428125 0.47000000000000003 0.7607142859375 0.465 0.7607142859375 0.434 0.766428571875 0.418 0.7657142859375 0.40800000000000003 0.758571428125 0.399 0.7407142859375 0.399 0.723571428125 0.40700000000000003 0.723571428125 0.425 0.73 0.434 0.73 0.44299999999999995 0.736428571875 0.46299999999999997
0 0.9471428578125 0.41 0.9521428578125001 0.40499999999999997 0.9528571421875001 0.393 0.945 0.377 0.9071428578124999 0.377 0.9092857140625 0.388 0.9207142859375 0.398 0.9285714281249999 0.41100000000000003 0.9471428578125 0.41
0 0.6271428578125 0.5349999999999999 0.626428571875 0.495 0.6221428578125 0.472 0.573571428125 0.472 0.5707142859375 0.487 0.5721428578125 0.5309999999999999 0.6178571421875 0.538 0.6271428578125 0.5349999999999999
0 0.5642857140624999 0.41100000000000003 0.5692857140625 0.413 0.5742857140625001 0.425 0.6028571421875 0.43099999999999994 0.6192857140625 0.429 0.623571428125 0.422 0.6242857140625 0.382 0.6278571421875 0.373 0.573571428125 0.368 0.5564285718749999 0.381 0.5564285718749999 0.387 0.5671428578125 0.393 0.563571428125 0.40099999999999997 0.5642857140624999 0.41100000000000003
0 0.733571428125 0.231 0.7207142859375 0.229 0.7157142859375 0.236 0.698571428125 0.24 0.6957142859375 0.24500000000000002 0.6957142859375 0.265 0.7028571421875001 0.269 0.731428571875 0.251 0.733571428125 0.231
0 0.616428571875 0.24100000000000002 0.655 0.236 0.6542857140625 0.21800000000000003 0.6521428578124999 0.21600000000000003 0.6057142859375 0.21200000000000002 0.605 0.22000000000000003 0.613571428125 0.22999999999999998 0.6128571421875 0.238 0.616428571875 0.24100000000000002
0 0.233571428125 0.47300000000000003 0.22785714218750003 0.46799999999999997 0.2057142859375 0.47000000000000003 0.20214285781250002 0.46299999999999997 0.175 0.47000000000000003 0.175 0.492 0.231428571875 0.491 0.233571428125 0.488 0.233571428125 0.47300000000000003
0 0.20071428593750001 0.44299999999999995 0.20214285781250002 0.438 0.216428571875 0.43600000000000005 0.22999999999999998 0.425 0.22857142812500003 0.42000000000000004 0.24642857187499997 0.40199999999999997 0.251428571875 0.404 0.2657142859375 0.4 0.265 0.393 0.24571428593750003 0.377 0.24714285781249998 0.373 0.2392857140625 0.367 0.1892857140625 0.368 0.16928571406249998 0.376 0.16999999999999998 0.414 0.1757142859375 0.42699999999999994 0.178571428125 0.45 0.20071428593750001 0.44299999999999995
0 0.1628571421875 0.46299999999999997 0.16142857187499998 0.45599999999999996 0.16857142812499998 0.45 0.1671428578125 0.438 0.16928571406249998 0.43200000000000005 0.16928571406249998 0.40099999999999997 0.16571428593749998 0.383 0.14357142812499998 0.381 0.138571428125 0.395 0.126428571875 0.397 0.1271428578125 0.44000000000000006 0.135 0.46299999999999997 0.1428571421875 0.47000000000000003 0.1628571421875 0.46299999999999997
0 0.576428571875 0.367 0.606428571875 0.368 0.61 0.352 0.6021428578125 0.34199999999999997 0.595 0.339 0.5707142859375 0.341 0.5578571421875 0.355 0.551428571875 0.353 0.5228571421875 0.358 0.516428571875 0.369 0.515 0.376 0.526428571875 0.383 0.5471428578124999 0.386 0.576428571875 0.367
0 0.5885714281250001 0.275 0.5871428578125 0.262 0.5900000000000001 0.248 0.5878571421875 0.231 0.5671428578125 0.23399999999999999 0.561428571875 0.244 0.5571428578125001 0.24500000000000002 0.5557142859375 0.257 0.563571428125 0.266 0.5707142859375 0.28300000000000003 0.5885714281250001 0.275